1692008238026 8799.150338172913 1
1692008238381 933.0324912071228 2
1692008238798 865.1687979698181 3
1692008239150 858.8466954231262 4
1692008239531 859.7174835205078 5
1692008239901 850.9056973457336 6
1692008240247 849.5800709724426 7
1692008240625 847.8228950500488 8
1692008241007 849.3717885017395 9
1692008241381 850.7956051826477 10
1692008241791 851.5213537216187 11
1692008242196 847.6788067817688 12
1692008242616 851.815402507782 13
1692008243002 851.1480188369751 14
1692008243415 850.7273840904236 15
1692008243827 850.6247806549072 16
1692008244214 851.0300445556641 17
1692008244638 850.3325486183167 18
1692008245039 850.151309967041 19
