1692008259415 8799.150338172913 1
1692008259792 933.0324912071228 2
1692008260164 865.1687979698181 3
1692008260528 858.8466954231262 4
1692008260930 859.7174835205078 5
1692008261306 850.9056973457336 6
1692008261698 849.5800709724426 7
1692008262089 847.8228950500488 8
1692008262512 849.3717885017395 9
1692008262896 850.7956051826477 10
1692008263265 851.5213537216187 11
1692008263652 847.6788067817688 12
1692008264016 851.815402507782 13
1692008264395 851.1480188369751 14
1692008264775 850.7273840904236 15
1692008265165 850.6247806549072 16
1692008265562 851.0300445556641 17
1692008265980 850.3325486183167 18
1692008266369 850.151309967041 19
