1692008167724 8799.150338172913 1
1692008168118 933.0324912071228 2
1692008168498 865.1687979698181 3
1692008168880 858.8466954231262 4
1692008169248 859.7174835205078 5
1692008169644 850.9056973457336 6
1692008170034 849.5800709724426 7
1692008170442 847.8228950500488 8
1692008170866 849.3717885017395 9
1692008171224 850.7956051826477 10
1692008171622 851.5213537216187 11
1692008172002 847.6788067817688 12
1692008172419 851.815402507782 13
1692008172827 851.1480188369751 14
1692008173192 850.7273840904236 15
1692008173580 850.6247806549072 16
1692008173982 851.0300445556641 17
1692008174364 850.3325486183167 18
1692008174734 850.151309967041 19
