1692008216633 8799.150338172913 1
1692008217024 933.0324912071228 2
1692008217369 865.1687979698181 3
1692008217744 858.8466954231262 4
1692008218137 859.7174835205078 5
1692008218520 850.9056973457336 6
1692008218906 849.5800709724426 7
1692008219294 847.8228950500488 8
1692008219672 849.3717885017395 9
1692008220080 850.7956051826477 10
1692008220471 851.5213537216187 11
1692008220843 847.6788067817688 12
1692008221227 851.815402507782 13
1692008221619 851.1480188369751 14
1692008221997 850.7273840904236 15
1692008222360 850.6247806549072 16
1692008222741 851.0300445556641 17
1692008223118 850.3325486183167 18
1692008223482 850.151309967041 19
