1692008404914 8799.150338172913 1
1692008405284 933.0324912071228 2
1692008405681 865.1687979698181 3
1692008406080 858.8466954231262 4
1692008406445 859.7174835205078 5
1692008406832 850.9056973457336 6
1692008407182 849.5800709724426 7
1692008407576 847.8228950500488 8
1692008407967 849.3717885017395 9
1692008408347 850.7956051826477 10
1692008408747 851.5213537216187 11
1692008409157 847.6788067817688 12
1692008409551 851.815402507782 13
1692008409909 851.1480188369751 14
1692008410293 850.7273840904236 15
1692008410678 850.6247806549072 16
1692008411090 851.0300445556641 17
1692008411487 850.3325486183167 18
1692008411856 850.151309967041 19
