1692008358419 8799.150338172913 1
1692008358791 933.0324912071228 2
1692008359146 865.1687979698181 3
1692008359550 858.8466954231262 4
1692008359936 859.7174835205078 5
1692008360331 850.9056973457336 6
1692008360690 849.5800709724426 7
1692008361095 847.8228950500488 8
1692008361480 849.3717885017395 9
1692008361872 850.7956051826477 10
1692008362249 851.5213537216187 11
1692008362625 847.6788067817688 12
1692008363019 851.815402507782 13
1692008363408 851.1480188369751 14
1692008363817 850.7273840904236 15
1692008364209 850.6247806549072 16
1692008364612 851.0300445556641 17
1692008365017 850.3325486183167 18
1692008365400 850.151309967041 19
