1692008383612 8799.150338172913 1
1692008384014 933.0324912071228 2
1692008384392 865.1687979698181 3
1692008384761 858.8466954231262 4
1692008385144 859.7174835205078 5
1692008385541 850.9056973457336 6
1692008385929 849.5800709724426 7
1692008386301 847.8228950500488 8
1692008386686 849.3717885017395 9
1692008387076 850.7956051826477 10
1692008387457 851.5213537216187 11
1692008387829 847.6788067817688 12
1692008388221 851.815402507782 13
1692008388616 851.1480188369751 14
1692008389022 850.7273840904236 15
1692008389408 850.6247806549072 16
1692008389782 851.0300445556641 17
1692008390170 850.3325486183167 18
1692008390552 850.151309967041 19
