1691750303938 1.9456979036331177 1
1691750304062 1.390782117843628 2
1691750304140 0.7384132146835327 3
1691750304203 0.35207661986351013 4
1691750304281 0.21572336554527283 5
1691750304328 0.13541537523269653 6
1691750304390 0.15130485594272614 7
1691750304452 0.10768171399831772 8
1691750304515 0.034620191901922226 9
1691750304577 0.0858907476067543 10
1691750304640 0.06831257045269012 11
1691750304702 0.04180240258574486 12
1691750304764 0.030232736840844154 13
1691750304828 0.07765276730060577 14
1691750304875 0.02975902147591114 15
1691750304937 0.027264686301350594 16
1691750304999 0.041428327560424805 17
1691750305062 0.02219383977353573 18
1691750305109 0.04064788669347763 19
