1692008447617 8799.150338172913 1
1692008448028 933.0324912071228 2
1692008448432 865.1687979698181 3
1692008448800 858.8466954231262 4
1692008449190 859.7174835205078 5
1692008449591 850.9056973457336 6
1692008449977 849.5800709724426 7
1692008450367 847.8228950500488 8
1692008450722 849.3717885017395 9
1692008451090 850.7956051826477 10
1692008451518 851.5213537216187 11
1692008451921 847.6788067817688 12
1692008452304 851.815402507782 13
1692008452687 851.1480188369751 14
1692008453090 850.7273840904236 15
1692008453677 850.6247806549072 16
1692008454063 851.0300445556641 17
1692008454453 850.3325486183167 18
1692008454845 850.151309967041 19
