1691750345845 1.9456979036331177 1
1691750345892 1.390782117843628 2
1691750345939 0.7384132146835327 3
1691750346001 0.35207661986351013 4
1691750346048 0.21572336554527283 5
1691750346111 0.13541537523269653 6
1691750346173 0.15130485594272614 7
1691750346251 0.10768171399831772 8
1691750346313 0.034620191901922226 9
1691750346376 0.0858907476067543 10
1691750346454 0.06831257045269012 11
1691750346516 0.04180240258574486 12
1691750346579 0.030232736840844154 13
1691750346657 0.07765276730060577 14
1691750346719 0.02975902147591114 15
1691750346781 0.027264686301350594 16
1691750346844 0.041428327560424805 17
1691750346906 0.02219383977353573 18
1691750346969 0.04064788669347763 19
