1691750333174 1.9456979036331177 1
1691750333236 1.390782117843628 2
1691750333299 0.7384132146835327 3
1691750333361 0.35207661986351013 4
1691750333408 0.21572336554527283 5
1691750333455 0.13541537523269653 6
1691750333517 0.15130485594272614 7
1691750333579 0.10768171399831772 8
1691750333626 0.034620191901922226 9
1691750333689 0.0858907476067543 10
1691750333735 0.06831257045269012 11
1691750333798 0.04180240258574486 12
1691750333876 0.030232736840844154 13
1691750333923 0.07765276730060577 14
1691750333969 0.02975902147591114 15
1691750334032 0.027264686301350594 16
1691750334079 0.041428327560424805 17
1691750334125 0.02219383977353573 18
1691750334188 0.04064788669347763 19
