1692008195313 8799.150338172913 1
1692008195743 933.0324912071228 2
1692008196142 865.1687979698181 3
1692008196550 858.8466954231262 4
1692008196956 859.7174835205078 5
1692008197332 850.9056973457336 6
1692008197704 849.5800709724426 7
1692008198089 847.8228950500488 8
1692008198467 849.3717885017395 9
1692008198846 850.7956051826477 10
1692008199227 851.5213537216187 11
1692008199609 847.6788067817688 12
1692008200011 851.815402507782 13
1692008200385 851.1480188369751 14
1692008200753 850.7273840904236 15
1692008201125 850.6247806549072 16
1692008201502 851.0300445556641 17
1692008201906 850.3325486183167 18
1692008202259 850.151309967041 19
